112.50870624431575
149.39827034188013
43.78715095542176
40.97204896265815
33.22510302575419
21.39384415795213
20.788362292602596
8.994621997051489
12.35502594800325
6.6403744040521016
4.348602878949992
3.1903429885858356
2.858948371504757
2.687374869461655
2.591361511677831
2.2012768201337707
2.0479707606965034
1.8423839932617019
1.8669567178462978
1.6806945725280766
1.7428844647301764
1.7388145953578882
1.638059189085477
1.6461696735465605
1.774438437643602
1.661900115381186
1.6570093423170695
1.7186402496943065
1.5507050987651907
1.593858023310438
1.5279234939742592
1.5237189202943142
1.4642615148327907
1.4945572166077623
1.5146008736501635
1.423996239641449
1.497430606375116
1.3800582749717476
1.4144561318326383
1.3815994748707565
1.3338828724905245
1.3049029727506178
1.2874867567810242
1.1681892326704106
1.191590971098283
1.0497411604691447
0.9861772212111144
0.869524580001565
0.7857535577158823
0.7078001034651925
0.635772606099053
0.5951992346801915
0.810741913255061